Date,GDP,TBalance,Animal_stock,UK_i,inflation,CPI,lnGDP,dlnGDP,RGDP,lnRGDP,dlnRGDP,Savings,Currency,J_lnRGDP,Total_Savings,Money_Supply,Government_Expenditure
1856/12/31,1560098,-261218,8620750,5.9,-5.37,94.63,14.2602592,,1560098,14.2602592,,15 211,265850,15.86279675,,265850,333151
1857/12/31,2282675,-648786,9790370,7.3,13.69,107.584847,14.64085856,0.380599361,2007806.315,14.5125533,0.252294101,30 849,424943,15.90327279,,424943,460676
1858/12/31,2146506,-697162,10805230,4,5.2,113.179259,14.57935196,-0.061506597,1794709.247,14.40035359,-0.112199711,-65 058,385821,15.71892986,,385821,505783
1859/12/31,2523258,-557988,13161580,3.4,5.45,119.3475287,14.74106148,0.16170952,2000677.41,14.50899639,0.108642799,-157 716,346698,15.69748107,,346698,664645
1860/12/31,2641870,-585504,13500140,4.7,3.8,123.8827348,14.78699756,0.045936076,2018038.741,14.51763668,0.008640291,-204 319,353467,15.69554089,,353467,729690
1861/12/31,2687933,-632605,13608860,5.4,-3.26,119.8441576,14.80428305,0.017285497,2122415.518,14.56806539,0.050428716,-169 671,376760,15.66836303,,376760,763237
1862/12/31,2354317,-828167,14228120,2.6,3.56,124.1106096,14.67176122,-0.132521833,1795084.388,14.40056259,-0.167502801,-151 510,357955,15.32755674,,357955,683792
1863/12/31,2656684,-51387,12080030,5,21.96,151.3652995,14.79258929,0.120828064,1660895.911,14.32286772,-0.077694872,-191 614,289713,15.19521824,,289713,682866
1864/12/31,3106743,123255,11427820,7.4,-13.05,131.6121279,14.94908547,0.156496182,2233768.991,14.61920085,0.296333127,-96 224,312529,15.66842516,,312529,633937
1865/12/31,3054451,111663,15778260,4.8,-32.38,88.99612088,14.93211043,-0.016975039,3247812.323,14.9934922,0.374291349,2 045 326,304511,15.75384856,993032,1297543,870089
1866/12/31,3214671,650067,15962400,6.6,16.39,103.5825851,14.98323558,0.051125149,2936828.777,14.89284091,-0.100651286,2 084 010,273544,15.640724,889527,1163071,691733
1867/12/31,3243540,109476,13981400,2.5,-1.81,101.7077403,14.99217588,0.008940306,3017825.283,14.92004703,0.027206115,1 931 670,257954,15.82840956,830771,1088725,885197
1868/12/31,2902220,350544,13304730,2.8,-24.57,76.71814851,14.88098652,-0.111189365,3579818.908,15.09082277,0.170775748,1 925 453,222349,16.12103778,865338,1087687,668086
1869/12/31,2835055,272688,11103170,3.5,-19.6,61.6813914,14.8575719,-0.023414624,4349468.268,15.28556416,0.194741386,1 790 522,223521,16.32735793,756100,979621,648732
1870/12/31,3250658,217456,11414540,4.2,-5.88,58.05452559,14.994368,0.1367961,5298635.436,15.48295988,0.197395722,1 771 512,298889,16.44782748,742169,1041058,795695
1871/12/31,4256099,946311,14994610,3.2,3.41,60.03418491,15.26386357,0.269495576,6708755.169,15.71892397,0.235964092,2 477 819,958763,16.41685379,1059355,2018118,764915
1872/12/31,6813895,1680801,18401870,4.6,18.91,71.38664928,15.73447447,0.470610897,9032485.631,16.01633815,0.297414178,3 675 089,1080072,16.63147702,1511339,2591411,922568
1873/12/31,7398916,401012,22213790,5.3,3.57,73.93515266,15.81684406,0.082369593,9469912.429,16.06363022,0.047292067,3 679 024,1034089,16.44749062,1487134,2521223,2159658
1874/12/31,6762260,-19468,25137350,3.8,16.35,86.02355012,15.72686771,-0.089976349,7438807.895,15.82222116,-0.241409053,4 697 398,886697,16.24788686,2499847,3386544,1357455
1875/12/31,8003416,23859,31791130,3.3,0.83,86.73754558,15.89537901,0.168511297,8731665.751,15.98246672,0.160245552,4 895 572,695105,16.348294,2935966,3631071,2272275
1876/12/31,8614759,-543774,25969310,3.5,2.04,88.50699151,15.96898745,0.073608445,9210737.256,16.03588045,0.053413737,4 133 575,480106,16.4397697,2318732,2798838,3640532
1877/12/31,8894406,198540,24499040,3.4,-16.21,74.16000819,16.0009331,0.031945645,11349481.48,16.24468262,0.208802162,4 519 650,518918,16.55763943,2707013,3225931,3667725
1878/12/31,8969954,-535967,25929000,3.7,7.87,79.99640083,16.00939111,0.008458008,10610811.71,16.17738401,-0.067298604,5 802 172,685206,16.45758466,3361330,4046536,3841595
1879/12/31,9702185,-698314,26456380,2.9,3.12,82.49228854,16.08786168,0.07847057,11129740.52,16.22513141,0.047747397,6 420 297,721469,16.52979099,3972070,4693539,3794430
1880/12/31,12728236,47333,27875180,2.8,-10.6,73.74810596,16.35933339,0.271471715,16332256.36,16.60865263,0.383521219,7 582 081,848501,16.78647634,4690632,5539133,5530688
1881/12/31,13595479,-830263,28297170,3.5,4.22,76.86027603,16.42524787,0.065914478,16738687.97,16.63323324,0.024580615,9 670 941,1257486,16.68854835,5980761,7238247,5673559
1882/12/31,13936823,-865419,27408580,4.5,5.61,81.17213751,16.45004503,0.024797163,16247466.2,16.60344753,-0.029785715,7 971 065,942208,16.57975533,4920344,5862552,6346453
1883/12/31,11407624,680907,25189780,3.5,0.26,81.38318507,16.24979246,-0.20025257,13264453.32,16.40059833,-0.202849196,7 205 739,787130,16.31434625,4265501,5052631,5255709
1884/12/31,10501194,1696674,22102550,3.3,-2.72,79.16956244,16.16699952,-0.082792939,12551894.41,16.34538216,-0.055216171,6 702 769,708797,16.24337619,3669156,4377953,4108377
1885/12/31,9163773,1038540,23454280,3.1,-8.24,72.64599049,16.03076855,-0.136230972,11936898.83,16.2951449,-0.050237258,5 233 107,529628,16.16062462,2707620,3237248,3804141
1886/12/31,10286715,3326095,18175100,3.3,-3.69,69.96535344,16.14636381,0.115595263,13913055.43,16.4483382,0.153193294,4 897 863,506532,16.36434636,2464831,2971363,3332607
1887/12/31,10784423,2822839,16272220,3.1,-13.44,60.56200994,16.19361334,0.047249521,16850992.06,16.63992009,0.191581892,6 163 229,462982,16.64072318,3335597,3798579,3260759
1888/12/31,12061395,3198320,17292000,3.2,-11.86,53.37935556,16.30552041,0.111907078,21382232.83,16.87807089,0.238150805,8 012 582,662107,16.8871385,4755348,5417455,3621019
1889/12/31,13668953,823017,22615700,3.9,-2.8,51.8847336,16.43063761,0.1251172,24930127.47,17.03158757,0.153516675,8 903 787,1034849,16.90527755,5345996,6380845,5327496
1890/12/31,15281076,471350,23350060,4.5,15.73,60.0462022,16.54212576,0.111488143,24082259.47,16.99698601,-0.034601562,6 055 496,740210,16.7665141,2603291,3343501,6436007
1891/12/31,16301139,2543465,25776180,3.6,-0.03,60.02818834,16.60674554,0.064619783,25697540.21,17.06190583,0.064919828,6 016 407,489609,16.80737836,2822501,3312110,6371220
1892/12/31,16633895,2490826,26034750,2.6,-0.81,59.54196001,16.62695304,0.020207498,26436238.97,17.09024632,0.028340482,5 855 073,589853,16.7908434,2812752,3402605,5734503
1893/12/31,17893770,1591718,23556010,3.4,-3.11,57.69020506,16.69996317,0.073010127,29351385.62,17.19485031,0.104603998,5 695 452,1091517,16.81305862,2957277,4048794,5823449
1894/12/31,18533490,2397893,20756450,2.3,3.1,59.47860141,16.73508992,0.035126758,29486640.86,17.19944787,0.004597553,6 382 891,1129685,16.75388892,3443586,4573271,5388157
1895/12/31,22667354,3185732,21582450,2,-3.96,57.1232488,16.9364363,0.201346374,37550590.24,17.44119965,0.241751788,9 105 137,612266,16.9353264,4565140,5177406,6360404
1896/12/31,23970202,-983201,22974020,3.2,0.02,57.13467345,16.99232203,0.055885736,39700939.52,17.49688541,0.055685756,8 910 659,762409,16.97856544,3619026,4381435,8637854
1897/12/31,26213721,1504426,28709210,2.8,1.89,58.21451878,17.08179353,0.0894715,42611439.04,17.5676333,0.070747886,7 226 517,834500,16.89303982,2396030,3230530,8613659
1898/12/31,31054167,7802059,32833790,3.3,4.52,60.84581503,17.25124356,0.169450026,48296761.61,17.69287507,0.125241772,6 725 019,845028,17.03153972,2317071,3162099,8190124
1899/12/31,29460250,7876287,38415760,4.3,-8.98,55.38186084,17.19855246,-0.052691105,50338204.88,17.73427489,0.041399818,10 537 372,1120460,16.99592945,3179702,4300162,7773230
1900/12/31,15813851,-9515129,40570780,4,3.53,57.33684052,16.57639676,-0.622155696,26099532.28,17.07742795,-0.656846935,14 106 734,1361637,16.60943577,4904753,6266390,10161043
1901/12/31,20192713,-10696381,42270650,4,-2.56,55.86901741,16.82083235,0.244435595,34202076.93,17.34779693,0.270368977,15 947 371,1466816,16.70873772,5924421,7391237,11950745
1902/12/31,27104104,-15728326,50719060,3.5,11.94,62.53977808,17.11519571,0.294363359,41011679.93,17.52936746,0.181570531,17 520 160,1583316,16.77311909,6161746,7745062,14149924
1903/12/31,33785911,-11259549,51989560,3.5,1.29,63.34654122,17.33555444,0.220358726,50470960.15,17.73690868,0.207541222,10 350 213,1155238,17.05297187,3503117,4658355,14458229
1904/12/31,36101407,5646318,57790100,3.3,-21.79,49.54332989,17.4018424,0.066287958,68955319.56,18.04896931,0.312060628,10 814 428,1064091,17.29838892,3523326,4587417,10914785
1905/12/31,41996645,14008246,54717770,3.2,-6.63,46.25860712,17.55310029,0.151257894,85911417.66,18.2688273,0.219857986,11 379 032,1065249,17.43217221,4276326,5341575,9603548
1906/12/31,51688034,21945821,53483630,4.3,-1,45.79602105,17.76073686,0.20763657,106804882.7,18.4865142,0.217686906,10 888 092,1111180,17.51901351,4514477,5625657,10158269
1907/12/31,52709766,28917658,47775450,5.2,5.75,48.42929226,17.78031131,0.019574447,102993971.7,18.45018102,-0.036333185,10 296 711,920021,17.44434106,4232290,5152311,9795169
1908/12/31,48548752,28271704,47044610,4,0.1,48.47772155,17.69807905,-0.082232263,94768653.62,18.36694925,-0.083231763,9 751 329,934729,17.2011758,3706822,4641551,7938638
1909/12/31,52082903,31962242,47282230,3.7,8.99,52.83586872,17.7683473,0.070268249,93281424.73,18.35113155,-0.0158177,9 416 270,1084629,17.16154065,3315474,4400103,7250000
